1 0.09791666666666667 0.5190625 0.10416666666666667 0.041875
1 0.23083333333333333 0.585 0.045 0.0825
1 0.42083333333333334 0.42375 0.11833333333333333 0.03125
1 0.8983333333333333 0.5315625 0.20333333333333334 0.099375
1 0.31916666666666665 0.8275 0.09666666666666666 0.16625
1 0.40166666666666667 0.83125 0.07833333333333334 0.2125
2 0.195 0.9146875 0.07666666666666666 0.170625
2 0.59625 0.865 0.10916666666666666 0.18625
2 0.3645833333333333 0.63375 0.16083333333333333 0.0575
2 0.935 0.45 0.13 0.25625
1 0.042083333333333334 0.5834375 0.0625 0.038125
1 0.81 0.4240625 0.07 0.124375