2 0.23833333333333334 0.776875 0.19583333333333333 0.208125
1 0.4945833333333333 0.651875 0.17166666666666666 0.123125
1 0.4225 0.469375 0.13916666666666666 0.13375
1 0.6908333333333333 0.3559375 0.049166666666666664 0.025625
1 0.7708333333333334 0.3203125 0.014166666666666666 0.03125
1 0.7629166666666667 0.4071875 0.049166666666666664 0.0175
1 0.9145833333333333 0.369375 0.0375 0.036875
1 0.8925 0.4465625 0.035833333333333335 0.030625
1 0.5908333333333333 0.4509375 0.029166666666666667 0.025625
1 0.5720833333333334 0.42875 0.03666666666666667 0.0175
1 0.2891666666666667 0.228125 0.03166666666666667 0.029375
1 0.2991666666666667 0.214375 0.03666666666666667 0.02
1 0.29625 0.196875 0.0475 0.013125