1 0.11541666666666667 0.52875 0.10166666666666667 0.119375
1 0.14875 0.615625 0.0725 0.126875
1 0.23666666666666666 0.6040625 0.14666666666666667 0.0575
1 0.3154166666666667 0.5734375 0.095 0.105
1 0.43916666666666665 0.6684375 0.115 0.11625
1 0.47041666666666665 0.631875 0.155 0.0625
1 0.5929166666666666 0.6928125 0.07666666666666666 0.125
1 0.49875 0.4409375 0.059166666666666666 0.120625
1 0.5483333333333333 0.4278125 0.07833333333333334 0.0775
1 0.7625 0.6075 0.07166666666666667 0.0475
1 0.795 0.555625 0.060833333333333336 0.104375
1 0.8791666666666667 0.5634375 0.05416666666666667 0.061875
1 0.7904166666666667 0.441875 0.06416666666666666 0.08
1 0.7495833333333334 0.4428125 0.0275 0.028125
1 0.25666666666666665 0.908125 0.15083333333333335 0.0675
1 0.21666666666666667 0.9775 0.18666666666666668 0.045
1 0.7058333333333333 0.930625 0.2225 0.074375
1 0.7554166666666666 0.9465625 0.145 0.104375
1 0.95625 0.9603125 0.0875 0.079375