1 0.45375 0.641875 0.14583333333333334 0.073125
1 0.72625 0.0640625 0.08583333333333333 0.074375
1 0.6045833333333334 0.139375 0.041666666666666664 0.083125
1 0.7675 0.2121875 0.0975 0.038125
1 0.85 0.223125 0.08833333333333333 0.031875
1 0.37375 0.314375 0.0925 0.043125
1 0.21958333333333332 0.5159375 0.15416666666666667 0.0475
1 0.6216666666666667 0.6153125 0.043333333333333335 0.06625
1 0.8691666666666666 0.7390625 0.06666666666666667 0.094375
1 0.6783333333333333 0.7740625 0.04833333333333333 0.036875
1 0.7316666666666667 0.8475 0.13333333333333333 0.045625
1 0.90875 0.8921875 0.09833333333333333 0.04875
1 0.92125 0.935 0.07333333333333333 0.03625