0 0.39875 0.650625 0.23916666666666667 0.07
1 0.12125 0.443125 0.09583333333333334 0.20125
1 0.29833333333333334 0.30625 0.07 0.1
1 0.3275 0.339375 0.035 0.0525
1 0.1 0.7296875 0.19833333333333333 0.256875
1 0.4683333333333333 0.8415625 0.11166666666666666 0.220625
1 0.6258333333333334 0.5396875 0.05333333333333334 0.045625
1 0.7779166666666667 0.4346875 0.0875 0.060625
1 0.8529166666666667 0.4115625 0.04583333333333333 0.049375
1 0.9408333333333333 0.6109375 0.05333333333333334 0.056875
1 0.9458333333333333 0.5928125 0.10333333333333333 0.083125
1 0.9033333333333333 0.1290625 0.18 0.041875
1 0.8054166666666667 0.3225 0.1075 0.065
1 0.41875 0.5521875 0.049166666666666664 0.021875
1 0.64875 0.265 0.025833333333333333 0.0475
1 0.5533333333333333 0.2875 0.1 0.03125
1 0.5808333333333333 0.298125 0.03666666666666667 0.02375
1 0.9145833333333333 0.2128125 0.1225 0.115625
1 0.8583333333333333 0.4025 0.15 0.04
1 0.19125 0.863125 0.16416666666666666 0.09
1 0.10125 0.2359375 0.1975 0.066875
1 0.9316666666666666 0.3565625 0.13666666666666666 0.046875
1 0.9641666666666666 0.4315625 0.07166666666666667 0.083125