1 0.4920833333333333 0.7028125 0.06166666666666667 0.151875
1 0.2791666666666667 0.530625 0.05583333333333333 0.0775
1 0.47375 0.5053125 0.065 0.070625
1 0.5941666666666666 0.4203125 0.060833333333333336 0.059375
1 0.5125 0.413125 0.07666666666666666 0.040625
1 0.68625 0.311875 0.04666666666666667 0.106875
1 0.8525 0.2615625 0.09916666666666667 0.02625
1 0.38166666666666665 0.3403125 0.03916666666666667 0.05375
1 0.495 0.2990625 0.0475 0.038125
1 0.4970833333333333 0.22625 0.06166666666666667 0.0375
1 0.43375 0.19625 0.03833333333333333 0.0275
1 0.051666666666666666 0.1059375 0.09833333333333333 0.068125
1 0.14 0.135 0.03333333333333333 0.039375
1 0.21666666666666667 0.040625 0.025 0.03625
1 0.13541666666666666 0.1659375 0.0525 0.04625
1 0.2654166666666667 0.22375 0.023333333333333334 0.06125
1 0.23583333333333334 0.1865625 0.025 0.04125
1 0.12 0.279375 0.07 0.02625
1 0.10166666666666667 0.365 0.08 0.046875
1 0.24916666666666668 0.47125 0.07333333333333333 0.030625
0 0.4266666666666667 0.331875 0.020833333333333332 0.036875