2 0.42625 0.519375 0.09833333333333333 0.19125
1 0.27416666666666667 0.51125 0.22 0.150625
1 0.9258333333333333 0.8771875 0.14833333333333334 0.0925
1 0.08125 0.8984375 0.1625 0.109375
1 0.8270833333333333 0.6590625 0.09583333333333334 0.098125
1 0.9175 0.6765625 0.045 0.11625
1 0.8841666666666667 0.5740625 0.10416666666666667 0.035625
1 0.71875 0.426875 0.09166666666666666 0.0725
1 0.8333333333333334 0.445625 0.08083333333333333 0.073125
1 0.8466666666666667 0.3796875 0.11666666666666667 0.043125
1 0.9304166666666667 0.3828125 0.060833333333333336 0.046875
1 0.9316666666666666 0.48375 0.04 0.0575
1 0.9504166666666667 0.5759375 0.03666666666666667 0.058125
1 0.35791666666666666 0.91375 0.115 0.1725
1 0.61125 0.2071875 0.06333333333333334 0.146875