0 0.36583333333333334 0.7940625 0.11833333333333333 0.19375
1 0.6454166666666666 0.588125 0.04666666666666667 0.0425
1 0.9070833333333334 0.4421875 0.1575 0.11875
1 0.7079166666666666 0.4284375 0.10583333333333333 0.124375
1 0.68875 0.3678125 0.25333333333333335 0.05625
1 0.6554166666666666 0.285625 0.18 0.141875
1 0.805 0.2359375 0.20583333333333334 0.130625
1 0.9204166666666667 0.1140625 0.14166666666666666 0.136875
1 0.5054166666666666 0.0596875 0.08666666666666667 0.11875
1 0.45125 0.221875 0.08666666666666667 0.19125
1 0.275 0.166875 0.07666666666666666 0.156875
1 0.40208333333333335 0.235625 0.10166666666666667 0.176875