1 0.10041666666666667 0.23 0.10333333333333333 0.2275
1 0.09875 0.21375 0.15833333333333333 0.18625
1 0.027916666666666666 0.369375 0.055 0.085625
1 0.0825 0.6090625 0.0925 0.1025
1 0.9179166666666667 0.8953125 0.09916666666666667 0.12875
1 0.975 0.808125 0.05 0.059375
1 0.43125 0.813125 0.11833333333333333 0.204375
1 0.015416666666666667 0.8465625 0.03 0.104375
1 0.91 0.335 0.0775 0.10875
1 0.43291666666666667 0.0325 0.085 0.064375
1 0.5245833333333333 0.0340625 0.08916666666666667 0.0675
1 0.38 0.4915625 0.09916666666666667 0.144375
1 0.48333333333333334 0.4975 0.07 0.17625
1 0.46041666666666664 0.505 0.16 0.045625
1 0.6383333333333333 0.438125 0.06166666666666667 0.11125
1 0.6695833333333333 0.1128125 0.0625 0.05125
1 0.5783333333333334 0.1509375 0.07916666666666666 0.0325
1 0.8170833333333334 0.0478125 0.11333333333333333 0.0375
1 0.73625 0.03 0.05 0.059375
1 0.6745833333333333 0.0384375 0.03916666666666667 0.0575
1 0.89625 0.01375 0.03 0.0275
1 0.9229166666666667 0.01625 0.029166666666666667 0.031875
1 0.8679166666666667 0.0246875 0.10333333333333333 0.04875
1 0.8170833333333334 0.1915625 0.07583333333333334 0.0825
1 0.95 0.215625 0.1 0.048125
1 0.7754166666666666 0.301875 0.085 0.06375