2 0.49375 0.635 0.2075 0.22625
1 0.2758333333333333 0.156875 0.05 0.025
1 0.43666666666666665 0.0403125 0.043333333333333335 0.059375
1 0.8379166666666666 0.18625 0.1025 0.135
1 0.8529166666666667 0.2825 0.0825 0.1025
2 0.39958333333333335 0.4440625 0.0575 0.070625
1 0.8604166666666667 0.4509375 0.0825 0.021875
1 0.9316666666666666 0.49125 0.055 0.07375
1 0.83875 0.5690625 0.0325 0.033125
1 0.7858333333333334 0.6375 0.045 0.05875
1 0.8258333333333333 0.67 0.05333333333333334 0.0425
1 0.40541666666666665 0.741875 0.049166666666666664 0.1325
1 0.9154166666666667 0.8571875 0.12416666666666666 0.051875
1 0.14666666666666667 0.79625 0.11 0.085
1 0.5970833333333333 0.0475 0.0575 0.07875
1 0.74125 0.1240625 0.0625 0.118125