1 0.8533333333333334 0.886875 0.051666666666666666 0.10125
1 0.32375 0.8875 0.21083333333333334 0.13625
1 0.7975 0.7315625 0.09 0.078125
1 0.0575 0.779375 0.11333333333333333 0.06375
1 0.08791666666666667 0.799375 0.10916666666666666 0.0675
1 0.3225 0.4753125 0.08166666666666667 0.090625
1 0.4841666666666667 0.46625 0.09166666666666666 0.1325
1 0.5658333333333333 0.6596875 0.15333333333333332 0.056875
2 0.47125 0.5728125 0.0975 0.145625
1 0.9458333333333333 0.0996875 0.035 0.030625
1 0.9183333333333333 0.1359375 0.02 0.049375
1 0.8316666666666667 0.0765625 0.021666666666666667 0.046875
1 0.82875 0.1 0.0375 0.04125
1 0.945 0.2240625 0.07333333333333333 0.021875
1 0.9408333333333333 0.2690625 0.075 0.019375
1 0.8345833333333333 0.23625 0.03916666666666667 0.035
1 0.8183333333333334 0.22125 0.02666666666666667 0.05625
1 0.7408333333333333 0.2259375 0.041666666666666664 0.049375
1 0.9270833333333334 0.4040625 0.06583333333333333 0.068125
1 0.5733333333333334 0.7690625 0.17 0.149375
1 0.6420833333333333 0.8825 0.0925 0.02875
1 0.9245833333333333 0.6159375 0.029166666666666667 0.056875
1 0.8570833333333333 0.2646875 0.0475 0.020625
1 0.7095833333333333 0.2521875 0.0775 0.018125
1 0.7016666666666667 0.2378125 0.06 0.014375