1 0.4370833333333333 0.8440625 0.12583333333333332 0.08875
1 0.64625 0.7728125 0.08416666666666667 0.079375
1 0.3229166666666667 0.5328125 0.09666666666666666 0.141875
1 0.6516666666666666 0.5125 0.10166666666666667 0.095625
1 0.8133333333333334 0.236875 0.051666666666666666 0.02
1 0.755 0.234375 0.058333333333333334 0.034375
1 0.5579166666666666 0.175 0.04083333333333333 0.023125
1 0.42291666666666666 0.1615625 0.035 0.029375
1 0.3829166666666667 0.13875 0.035833333333333335 0.018125
1 0.4625 0.098125 0.03166666666666667 0.020625
1 0.39875 0.0234375 0.025833333333333333 0.011875