1 0.5729166666666666 0.335 0.12916666666666668 0.049375
1 0.39958333333333335 0.37375 0.0575 0.09125
1 0.5554166666666667 0.4196875 0.16 0.09875
1 0.3625 0.4203125 0.04 0.041875
1 0.7195833333333334 0.6071875 0.13666666666666666 0.078125
1 0.4175 0.730625 0.051666666666666666 0.075
1 0.15333333333333332 0.556875 0.05 0.095
1 0.14 0.4875 0.04083333333333333 0.0825
1 0.07166666666666667 0.449375 0.07916666666666666 0.059375
1 0.0575 0.371875 0.09333333333333334 0.041875
1 0.5166666666666667 0.2821875 0.05416666666666667 0.0575
1 0.6520833333333333 0.239375 0.08416666666666667 0.07125
1 0.8633333333333333 0.3371875 0.11916666666666667 0.0625
1 0.8895833333333333 0.4553125 0.065 0.023125
1 0.8970833333333333 0.495 0.04833333333333333 0.049375
1 0.9070833333333334 0.123125 0.08416666666666667 0.031875
1 0.9383333333333334 0.0746875 0.04666666666666667 0.036875
1 0.9691666666666666 0.0509375 0.025 0.0675
1 0.7058333333333333 0.274375 0.0925 0.06125
1 0.62875 0.2903125 0.0725 0.038125
1 0.12791666666666668 0.0421875 0.04833333333333333 0.075
1 0.1575 0.0471875 0.029166666666666667 0.0775
1 0.03833333333333333 0.1546875 0.07583333333333334 0.041875
1 0.07083333333333333 0.1959375 0.07583333333333334 0.02625
1 0.019583333333333335 0.173125 0.03833333333333333 0.035