1 0.32458333333333333 0.974375 0.11583333333333333 0.05125
1 0.4995833333333333 0.736875 0.085 0.205
1 0.6404166666666666 0.7365625 0.08416666666666667 0.1175
1 0.25083333333333335 0.4015625 0.0725 0.070625
1 0.22458333333333333 0.53875 0.06666666666666667 0.12125
1 0.034583333333333334 0.6390625 0.06833333333333333 0.105
1 0.39458333333333334 0.64625 0.22416666666666665 0.07
1 0.4345833333333333 0.589375 0.18 0.03375
1 0.66125 0.3803125 0.09583333333333334 0.07875
1 0.8904166666666666 0.51 0.155 0.1225
1 0.7408333333333333 0.576875 0.12666666666666668 0.136875
1 0.49 0.5425 0.07083333333333333 0.0575
1 0.17583333333333334 0.1546875 0.056666666666666664 0.0925
1 0.13875 0.0553125 0.0825 0.100625
1 0.6229166666666667 0.390625 0.055 0.063125
1 0.61 0.44375 0.0325 0.08375
1 0.6791666666666667 0.4940625 0.085 0.05375
1 0.78125 0.3690625 0.06166666666666667 0.084375
1 0.8654166666666666 0.3153125 0.08916666666666667 0.065
1 0.9770833333333333 0.3146875 0.04583333333333333 0.081875
1 0.8529166666666667 0.5340625 0.0975 0.098125
1 0.9029166666666667 0.128125 0.075 0.113125
1 0.8125 0.126875 0.09916666666666667 0.0525
1 0.9895833333333334 0.094375 0.020833333333333332 0.035625
1 0.9558333333333333 0.14625 0.03 0.02125
1 0.5729166666666666 0.2275 0.065 0.034375
1 0.6020833333333333 0.2228125 0.035 0.03
1 0.45458333333333334 0.0515625 0.065 0.103125
1 0.36291666666666667 0.0509375 0.07166666666666667 0.085
1 0.7 0.1309375 0.0375 0.063125
1 0.44416666666666665 0.1096875 0.10416666666666667 0.088125
1 0.49166666666666664 0.0990625 0.028333333333333332 0.069375
1 0.4504166666666667 0.149375 0.0625 0.06125
1 0.28708333333333336 0.1809375 0.05583333333333333 0.075
1 0.8679166666666667 0.03375 0.010833333333333334 0.026875
1 0.6983333333333334 0.0234375 0.0175 0.03125
1 0.7883333333333333 0.090625 0.015833333333333335 0.025
1 0.8016666666666666 0.0728125 0.010833333333333334 0.030625
1 0.7779166666666667 0.0840625 0.016666666666666666 0.024375
1 0.5675 0.0640625 0.016666666666666666 0.023125