2 0.3929166666666667 0.6778125 0.12083333333333333 0.211875
1 0.18541666666666667 0.8734375 0.0975 0.154375
1 0.11541666666666667 0.7715625 0.16083333333333333 0.165625
1 0.81875 0.7696875 0.04416666666666667 0.040625
1 0.8025 0.298125 0.12666666666666668 0.1775
1 0.6445833333333333 0.344375 0.07583333333333334 0.13125
1 0.6025 0.2365625 0.1 0.074375
1 0.3929166666666667 0.0859375 0.0875 0.168125
1 0.18333333333333332 0.0484375 0.043333333333333335 0.094375
1 0.49083333333333334 0.3878125 0.041666666666666664 0.088125
1 0.12166666666666667 0.5221875 0.03 0.035625
1 0.16166666666666665 0.3346875 0.09833333333333333 0.039375
1 0.5591666666666667 0.378125 0.035 0.05375
1 0.7391666666666666 0.734375 0.09166666666666666 0.1025