1 0.09458333333333334 0.471875 0.18916666666666668 0.061875
1 0.2825 0.38125 0.08083333333333333 0.131875
1 0.49333333333333335 0.410625 0.06416666666666666 0.1775
1 0.48125 0.5934375 0.19416666666666665 0.055625
1 0.6108333333333333 0.426875 0.07083333333333333 0.14375
1 0.615 0.4475 0.1425 0.069375
1 0.8404166666666667 0.518125 0.07 0.04
1 0.27125 0.5621875 0.028333333333333332 0.03375
1 0.18541666666666667 0.5321875 0.03 0.0225
1 0.025 0.5815625 0.049166666666666664 0.04625
1 0.12291666666666666 0.7196875 0.03833333333333333 0.02125
1 0.17208333333333334 0.783125 0.04583333333333333 0.045
1 0.3929166666666667 0.77875 0.03833333333333333 0.023125
1 0.38416666666666666 0.87625 0.14916666666666667 0.134375
1 0.9033333333333333 0.72 0.19333333333333333 0.085
1 0.9408333333333333 0.5865625 0.0975 0.071875
1 0.9079166666666667 0.663125 0.06916666666666667 0.03375
1 0.97375 0.709375 0.0525 0.116875