2 0.45458333333333334 0.6796875 0.14083333333333334 0.2175
1 0.2679166666666667 0.645625 0.22416666666666665 0.084375
1 0.30833333333333335 0.8134375 0.12166666666666667 0.2625
1 0.3925 0.513125 0.08166666666666667 0.05375
1 0.09041666666666667 0.3521875 0.10833333333333334 0.0675
2 0.2 0.4165625 0.09333333333333334 0.04625
1 0.8691666666666666 0.361875 0.1875 0.13125
1 0.6045833333333334 0.189375 0.14083333333333334 0.055625
1 0.3491666666666667 0.228125 0.12333333333333334 0.0725
1 0.8404166666666667 0.4665625 0.06333333333333334 0.02375
1 0.8495833333333334 0.8484375 0.10583333333333333 0.119375
1 0.4270833333333333 0.0578125 0.03333333333333333 0.075
1 0.49083333333333334 0.04125 0.04833333333333333 0.06375