1 0.7591666666666667 0.298125 0.21333333333333335 0.260625
1 0.4895833333333333 0.386875 0.0575 0.066875
1 0.34 0.2321875 0.035833333333333335 0.063125
1 0.33875 0.366875 0.07 0.06875
1 0.19958333333333333 0.313125 0.0275 0.0625
1 0.21583333333333332 0.70125 0.08416666666666667 0.0625
1 0.33 0.6596875 0.20416666666666666 0.04625
1 0.5520833333333334 0.9675 0.1475 0.065
1 0.43875 0.8221875 0.07916666666666666 0.0975
2 0.6066666666666667 0.7996875 0.11416666666666667 0.2175
2 0.48791666666666667 0.730625 0.20666666666666667 0.099375
2 0.4041666666666667 0.7084375 0.105 0.060625