1 0.765 0.880625 0.10333333333333333 0.055625
1 0.6983333333333334 0.7959375 0.13083333333333333 0.069375
2 0.6383333333333333 0.67875 0.07 0.06875
1 0.34208333333333335 0.6590625 0.08 0.0525
1 0.64125 0.25375 0.025 0.01875
1 0.5795833333333333 0.2465625 0.013333333333333334 0.016875
1 0.52125 0.263125 0.029166666666666667 0.01375
1 0.48041666666666666 0.2865625 0.020833333333333332 0.03125
1 0.4583333333333333 0.2709375 0.019166666666666665 0.018125
1 0.37083333333333335 0.315625 0.023333333333333334 0.026875
1 0.38625 0.2753125 0.021666666666666667 0.02875