1 0.49291666666666667 0.9053125 0.39 0.109375
1 0.18833333333333332 0.4615625 0.10833333333333334 0.21875
1 0.94625 0.4859375 0.1075 0.0925
1 0.7525 0.3771875 0.1525 0.115
1 0.4025 0.826875 0.07583333333333334 0.06875
1 0.22875 0.2921875 0.0975 0.160625
1 0.5270833333333333 0.206875 0.2758333333333333 0.13375
1 0.7095833333333333 0.1946875 0.1675 0.04625
1 0.6920833333333334 0.100625 0.10333333333333333 0.08875
1 0.8379166666666666 0.025 0.08583333333333333 0.0325
1 0.77 0.02875 0.0375 0.03625
2 0.35833333333333334 0.51 0.13833333333333334 0.145