1 0.5358333333333334 0.8275 0.043333333333333335 0.059375
1 0.53625 0.6690625 0.07083333333333333 0.06375
1 0.4891666666666667 0.66 0.07083333333333333 0.0575
1 0.47125 0.6275 0.0525 0.076875
1 0.43416666666666665 0.708125 0.035833333333333335 0.08
1 0.36125 0.646875 0.034166666666666665 0.09
1 0.31916666666666665 0.64375 0.07 0.04875
1 0.7758333333333334 0.8321875 0.09166666666666666 0.044375
1 0.41041666666666665 0.475625 0.1025 0.029375
1 0.43916666666666665 0.41125 0.05333333333333334 0.02375
1 0.6216666666666667 0.4478125 0.035833333333333335 0.030625
1 0.6795833333333333 0.364375 0.0775 0.0575
1 0.7391666666666666 0.3459375 0.0325 0.061875
1 0.7729166666666667 0.314375 0.034166666666666665 0.046875
1 0.81375 0.3365625 0.08333333333333333 0.02375
1 0.19708333333333333 0.5071875 0.09833333333333333 0.03375
1 0.9558333333333333 0.859375 0.08833333333333333 0.035625