2 0.7045833333333333 0.6315625 0.3375 0.093125
1 0.5833333333333334 0.4075 0.18916666666666668 0.24
1 0.29791666666666666 0.5471875 0.28583333333333333 0.06875
1 0.22375 0.8228125 0.3625 0.2275
1 0.49 0.844375 0.24 0.255625
1 0.8741666666666666 0.8625 0.1925 0.251875
1 0.3645833333333333 0.2240625 0.12166666666666667 0.14
1 0.3416666666666667 0.321875 0.2758333333333333 0.061875
1 0.6883333333333334 0.043125 0.2 0.07125
1 0.14208333333333334 0.0553125 0.14833333333333334 0.0575
1 0.7279166666666667 0.7903125 0.2375 0.228125
1 0.055 0.545625 0.0475 0.115625
1 0.15208333333333332 0.4965625 0.08083333333333333 0.0725