1 0.18208333333333335 0.1128125 0.1425 0.224375
1 0.5254166666666666 0.1209375 0.10416666666666667 0.213125
1 0.6733333333333333 0.24375 0.08833333333333333 0.13375
2 0.6229166666666667 0.333125 0.07083333333333333 0.215
1 0.435 0.3234375 0.24166666666666667 0.179375
1 0.46541666666666665 0.443125 0.23083333333333333 0.22
2 0.6154166666666666 0.5534375 0.23583333333333334 0.220625
1 0.92125 0.606875 0.1575 0.24125
1 0.10791666666666666 0.75125 0.12916666666666668 0.25375
2 0.03833333333333333 0.6496875 0.075 0.219375
1 0.9258333333333333 0.3278125 0.09666666666666666 0.163125
1 0.95 0.753125 0.07166666666666667 0.1125
1 0.79 0.681875 0.115 0.0425