1 0.8529166666666667 0.9003125 0.1825 0.058125
1 0.42291666666666666 0.699375 0.08583333333333333 0.07625
1 0.37875 0.68 0.1075 0.06375
1 0.2995833333333333 0.85625 0.1425 0.0875
1 0.4066666666666667 0.478125 0.07833333333333334 0.1425
1 0.059166666666666666 0.6796875 0.11166666666666666 0.053125
1 0.13375 0.8015625 0.05416666666666667 0.049375
1 0.4775 0.8065625 0.08 0.125625
1 0.7483333333333333 0.7309375 0.056666666666666664 0.084375
1 0.9358333333333333 0.7446875 0.08166666666666667 0.073125
1 0.97375 0.7290625 0.0425 0.049375
1 0.8245833333333333 0.5290625 0.1275 0.034375
2 0.44208333333333333 0.5815625 0.059166666666666666 0.138125
1 0.06375 0.86625 0.12416666666666666 0.03125
1 0.21333333333333335 0.70125 0.07666666666666666 0.05625