2 0.35333333333333333 0.555 0.20416666666666666 0.104375
1 0.62625 0.889375 0.19416666666666665 0.129375
1 0.8925 0.2609375 0.1075 0.145625
1 0.49541666666666667 0.21125 0.08 0.08625
1 0.575 0.2109375 0.0325 0.075
1 0.3770833333333333 0.43375 0.0925 0.1
1 0.48125 0.436875 0.060833333333333336 0.075
1 0.29 0.41625 0.12583333333333332 0.04625
1 0.27708333333333335 0.38875 0.0475 0.089375
1 0.66 0.3315625 0.05 0.05125
1 0.6720833333333334 0.3615625 0.049166666666666664 0.046875
1 0.71375 0.2271875 0.0775 0.023125
1 0.7491666666666666 0.246875 0.03666666666666667 0.023125
1 0.7929166666666667 0.2590625 0.059166666666666666 0.035
1 0.81125 0.3265625 0.06666666666666667 0.059375
1 0.9483333333333334 0.1790625 0.07083333333333333 0.0375
1 0.6025 0.49625 0.03833333333333333 0.068125
1 0.23791666666666667 0.625625 0.17583333333333334 0.033125