1 0.61125 0.2759375 0.23583333333333334 0.4525
2 0.36875 0.70125 0.1275 0.285625
1 0.15625 0.87375 0.165 0.2525
1 0.1275 0.7375 0.25166666666666665 0.065
1 0.13833333333333334 0.6509375 0.11416666666666667 0.0475
1 0.7908333333333334 0.2728125 0.1025 0.12
1 0.24 0.2309375 0.1275 0.071875
1 0.8845833333333334 0.2953125 0.10833333333333334 0.036875
1 0.9454166666666667 0.13875 0.10916666666666666 0.09125
1 0.70625 0.2521875 0.0325 0.063125
1 0.7645833333333333 0.214375 0.05333333333333334 0.10625
1 0.89625 0.075 0.034166666666666665 0.085625