1 0.22833333333333333 0.893125 0.2375 0.0925
1 0.0475 0.845 0.08416666666666667 0.051875
1 0.03375 0.703125 0.06666666666666667 0.12125
1 0.27375 0.7125 0.13916666666666666 0.1275
1 0.32208333333333333 0.723125 0.16083333333333333 0.061875
1 0.42375 0.6478125 0.19416666666666665 0.07375
1 0.49083333333333334 0.5865625 0.16083333333333333 0.145625
1 0.6833333333333333 0.5890625 0.15833333333333333 0.15625
1 0.6054166666666667 0.51625 0.07166666666666667 0.1075
1 0.6075 0.4834375 0.17916666666666667 0.034375
1 0.7291666666666666 0.368125 0.07083333333333333 0.1275
1 0.97125 0.3909375 0.0575 0.055625
1 0.6391666666666667 0.0884375 0.06333333333333334 0.104375
1 0.34041666666666665 0.0115625 0.07666666666666666 0.01875