2 0.43916666666666665 0.4728125 0.08 0.166875
2 0.5816666666666667 0.664375 0.2783333333333333 0.08375
1 0.2758333333333333 0.61 0.105 0.15875
1 0.15583333333333332 0.655 0.15333333333333332 0.17375
1 0.2529166666666667 0.7340625 0.11583333333333333 0.088125
1 0.62125 0.84875 0.1075 0.2725
1 0.7208333333333333 0.73 0.095 0.14125
1 0.8295833333333333 0.6665625 0.15583333333333332 0.145625
1 0.5145833333333333 0.516875 0.0575 0.0675
1 0.50875 0.4659375 0.06916666666666667 0.133125
1 0.3025 0.51125 0.09 0.13375
1 0.38208333333333333 0.6765625 0.14083333333333334 0.134375
1 0.7241666666666666 0.519375 0.13333333333333333 0.05125
1 0.88375 0.8346875 0.2325 0.076875
1 0.8875 0.914375 0.225 0.12625
2 0.8 0.5153125 0.07166666666666667 0.088125
1 0.24708333333333332 0.474375 0.0725 0.115
1 0.22708333333333333 0.429375 0.049166666666666664 0.09875
1 0.08041666666666666 0.699375 0.15416666666666667 0.10125
1 0.93125 0.5378125 0.0425 0.098125
1 0.975 0.514375 0.05 0.0925
1 0.8233333333333334 0.4678125 0.08333333333333333 0.073125
1 0.7108333333333333 0.4353125 0.11166666666666666 0.049375
1 0.9295833333333333 0.2696875 0.04083333333333333 0.059375
1 0.10125 0.4028125 0.04083333333333333 0.071875
1 0.15958333333333333 0.3971875 0.0475 0.076875
1 0.04083333333333333 0.3834375 0.08 0.121875
1 0.8279166666666666 0.155 0.09416666666666666 0.0225