1 0.15333333333333332 0.581875 0.07083333333333333 0.095625
1 0.25125 0.6359375 0.04583333333333333 0.06125
1 0.21708333333333332 0.7346875 0.06166666666666667 0.10375
1 0.17 0.7396875 0.06 0.026875
1 0.26625 0.8096875 0.05333333333333334 0.07375
1 0.30916666666666665 0.8078125 0.05416666666666667 0.08625
1 0.34375 0.7040625 0.07333333333333333 0.065625
1 0.32083333333333336 0.621875 0.09666666666666666 0.034375
1 0.5241666666666667 0.6503125 0.0475 0.0875
1 0.5116666666666667 0.7234375 0.09916666666666667 0.069375
1 0.6654166666666667 0.7296875 0.07666666666666666 0.105
1 0.75625 0.7921875 0.11083333333333334 0.0225
1 0.7541666666666667 0.6928125 0.06333333333333334 0.06125
1 0.80375 0.704375 0.07166666666666667 0.07
1 0.5975 0.609375 0.055 0.093125
1 0.78375 0.5790625 0.05 0.049375
1 0.3025 0.53 0.0825 0.0475
1 0.24333333333333335 0.4865625 0.06166666666666667 0.039375
1 0.29083333333333333 0.4446875 0.0275 0.0325
1 0.21541666666666667 0.3909375 0.06583333333333333 0.019375
1 0.6395833333333333 0.36125 0.075 0.024375
1 0.15 0.3740625 0.059166666666666666 0.02375
1 0.15333333333333332 0.3278125 0.0325 0.039375
1 0.30916666666666665 0.3578125 0.051666666666666666 0.014375
1 0.29291666666666666 0.3884375 0.03166666666666667 0.029375
1 0.5479166666666667 0.3046875 0.035 0.01875
1 0.4354166666666667 0.366875 0.0225 0.025
1 0.55875 0.356875 0.0225 0.019375
1 0.21541666666666667 0.3621875 0.043333333333333335 0.030625
1 0.8183333333333334 0.29625 0.065 0.034375
1 0.8791666666666667 0.265625 0.0425 0.049375
1 0.9 0.203125 0.035833333333333335 0.020625
1 0.17416666666666666 0.2384375 0.03 0.01875
1 0.24541666666666667 0.864375 0.060833333333333336 0.049375
1 0.1075 0.700625 0.12166666666666667 0.060625
1 0.8691666666666666 0.5834375 0.05583333333333333 0.04125
1 0.8804166666666666 0.6640625 0.06833333333333333 0.065625
1 0.8995833333333333 0.6440625 0.0625 0.06375