1 0.7683333333333333 0.680625 0.09166666666666666 0.038125
1 0.635 0.733125 0.0925 0.066875
1 0.4825 0.6403125 0.06916666666666667 0.08
1 0.49125 0.7175 0.041666666666666664 0.029375
1 0.4475 0.61875 0.028333333333333332 0.045
1 0.6925 0.5034375 0.0825 0.0375
1 0.41208333333333336 0.4809375 0.06166666666666667 0.0525
1 0.13541666666666666 0.3078125 0.04583333333333333 0.099375
1 0.2 0.4546875 0.029166666666666667 0.061875
1 0.3625 0.934375 0.04833333333333333 0.034375
1 0.8983333333333333 0.9521875 0.055 0.0275
1 0.59 0.9884375 0.0625 0.0225