1 0.5966666666666667 0.5565625 0.06833333333333333 0.12875
1 0.6291666666666667 0.395625 0.0875 0.03625
1 0.46166666666666667 0.66125 0.05416666666666667 0.0975
1 0.3254166666666667 0.631875 0.08666666666666667 0.06375
1 0.8375 0.4690625 0.03666666666666667 0.0675
1 0.165 0.5990625 0.0575 0.086875
1 0.15208333333333332 0.7359375 0.07083333333333333 0.07375
1 0.17875 0.35375 0.06833333333333333 0.044375
1 0.39 0.3915625 0.04 0.055
1 0.07583333333333334 0.3184375 0.04 0.045625
1 0.15291666666666667 0.40375 0.060833333333333336 0.03875
1 0.07208333333333333 0.3584375 0.021666666666666667 0.031875
1 0.42083333333333334 0.870625 0.07083333333333333 0.125625
1 0.09708333333333333 0.22625 0.0425 0.031875
1 0.03208333333333333 0.251875 0.06333333333333334 0.035