1 0.05125 0.44375 0.09416666666666666 0.125
1 0.13666666666666666 0.470625 0.13 0.0625
1 0.24083333333333334 0.26875 0.07833333333333334 0.03625
1 0.13666666666666666 0.2040625 0.135 0.069375
1 0.44125 0.369375 0.0225 0.03125
1 0.4875 0.360625 0.058333333333333334 0.1025
1 0.68375 0.6246875 0.13083333333333333 0.106875
1 0.6979166666666666 0.3515625 0.09083333333333334 0.099375
1 0.17166666666666666 0.418125 0.055 0.06
1 0.85375 0.1765625 0.0525 0.095625
1 0.9079166666666667 0.16875 0.0875 0.10125
1 0.8366666666666667 0.0709375 0.06333333333333334 0.059375
1 0.8041666666666667 0.20875 0.035 0.05125
1 0.6566666666666666 0.269375 0.07166666666666667 0.0425
1 0.5158333333333334 0.2221875 0.043333333333333335 0.048125
1 0.57375 0.2390625 0.030833333333333334 0.046875
1 0.36625 0.0321875 0.05583333333333333 0.055625
1 0.7395833333333334 0.11 0.0425 0.0425
1 0.8291666666666667 0.3359375 0.105 0.043125
1 0.82 0.4378125 0.1 0.099375
1 0.925 0.38125 0.04 0.05125