1 0.34458333333333335 0.4709375 0.0725 0.0575
1 0.29291666666666666 0.52625 0.07916666666666666 0.1075
1 0.3545833333333333 0.55875 0.13 0.075625
1 0.45208333333333334 0.583125 0.0525 0.1
1 0.6220833333333333 0.613125 0.095 0.065625
1 0.6383333333333333 0.6475 0.035833333333333335 0.039375
1 0.6733333333333333 0.685625 0.1075 0.0475
1 0.6766666666666666 0.9109375 0.05333333333333334 0.109375
1 0.6316666666666667 0.861875 0.03 0.0475
1 0.8566666666666667 0.834375 0.10166666666666667 0.041875
1 0.8733333333333333 0.80625 0.03916666666666667 0.04125
1 0.4479166666666667 0.7734375 0.0475 0.0475
1 0.86 0.6846875 0.03916666666666667 0.0225
1 0.024166666666666666 0.585 0.0475 0.0425
1 0.2891666666666667 0.70625 0.09416666666666666 0.063125
1 0.17958333333333334 0.7775 0.028333333333333332 0.064375
0 0.76875 0.7734375 0.08 0.030625
1 0.7591666666666667 0.89625 0.02666666666666667 0.08625