2 0.46416666666666667 0.46 0.08833333333333333 0.186875
1 0.34125 0.55375 0.15916666666666668 0.198125
1 0.28458333333333335 0.4871875 0.1725 0.11875
1 0.3854166666666667 0.785 0.21333333333333335 0.126875
1 0.345 0.8753125 0.2125 0.09125
1 0.50125 0.7115625 0.1 0.178125
1 0.5979166666666667 0.68 0.1125 0.248125
1 0.6933333333333334 0.721875 0.1125 0.208125
1 0.15916666666666668 0.5465625 0.1325 0.200625
1 0.05375 0.4746875 0.09916666666666667 0.145
1 0.5229166666666667 0.498125 0.043333333333333335 0.07875