1 0.04041666666666666 0.58625 0.08 0.07125
1 0.17083333333333334 0.570625 0.0425 0.09
1 0.41208333333333336 0.4009375 0.055 0.085
1 0.50375 0.453125 0.14083333333333334 0.058125
1 0.43625 0.475625 0.09833333333333333 0.048125
1 0.3729166666666667 0.5940625 0.059166666666666666 0.059375
1 0.39916666666666667 0.8146875 0.10333333333333333 0.066875
1 0.6416666666666667 0.8021875 0.14583333333333334 0.083125
1 0.54375 0.8021875 0.095 0.0325
1 0.5458333333333333 0.3490625 0.050833333333333335 0.06625
1 0.61625 0.265625 0.0625 0.065
1 0.6383333333333333 0.2890625 0.0675 0.046875
1 0.8670833333333333 0.355625 0.07833333333333334 0.05875
1 0.88375 0.3778125 0.06 0.041875