1 0.39458333333333334 0.6675 0.1075 0.23625
1 0.31375 0.6171875 0.06583333333333333 0.173125
1 0.5775 0.4296875 0.08166666666666667 0.231875
1 0.6779166666666666 0.2753125 0.11583333333333333 0.178125
2 0.9045833333333333 0.31 0.09583333333333334 0.255
1 0.8870833333333333 0.1303125 0.1225 0.259375
1 0.10041666666666667 0.3625 0.07416666666666667 0.115
1 0.18958333333333333 0.3825 0.034166666666666665 0.07875
1 0.3745833333333333 0.329375 0.04583333333333333 0.06875
1 0.39875 0.2915625 0.0425 0.075625
1 0.5420833333333334 0.2275 0.0525 0.1325
1 0.8020833333333334 0.1225 0.1225 0.11625
1 0.83125 0.1775 0.050833333333333335 0.2325
2 0.9741666666666666 0.08125 0.051666666666666666 0.15375