1 0.15666666666666668 0.328125 0.0475 0.075
1 0.2725 0.3090625 0.06 0.07125
1 0.25833333333333336 0.43125 0.09666666666666666 0.059375
1 0.39208333333333334 0.3828125 0.08666666666666667 0.049375
1 0.4920833333333333 0.37875 0.08583333333333333 0.06625
1 0.5475 0.3403125 0.0475 0.07375
1 0.5204166666666666 0.488125 0.0575 0.0875
1 0.47708333333333336 0.561875 0.14833333333333334 0.05625
1 0.7320833333333333 0.4084375 0.11166666666666666 0.03125
1 0.5633333333333334 0.6946875 0.12166666666666667 0.105
1 0.5029166666666667 0.6375 0.15083333333333335 0.0525