1 0.39708333333333334 0.774375 0.07 0.1625
1 0.20333333333333334 0.56125 0.060833333333333336 0.10375
1 0.20166666666666666 0.5559375 0.14416666666666667 0.06375
1 0.23916666666666667 0.495 0.045 0.045
1 0.35541666666666666 0.461875 0.0325 0.059375
1 0.44083333333333335 0.575 0.025833333333333333 0.030625
1 0.35041666666666665 0.425625 0.019166666666666665 0.026875
1 0.43 0.44625 0.058333333333333334 0.031875
1 0.5075 0.4971875 0.10166666666666667 0.086875
1 0.47333333333333333 0.4778125 0.09166666666666666 0.055625
1 0.5870833333333333 0.485625 0.04083333333333333 0.084375
1 0.5170833333333333 0.5578125 0.07166666666666667 0.053125
1 0.59625 0.5703125 0.04416666666666667 0.094375
1 0.6504166666666666 0.610625 0.06833333333333333 0.071875
1 0.67 0.58375 0.04416666666666667 0.1075
1 0.7275 0.3203125 0.0375 0.074375
1 0.69125 0.34375 0.0375 0.050625
1 0.7325 0.361875 0.024166666666666666 0.029375
1 0.8958333333333334 0.304375 0.06583333333333333 0.048125
1 0.7229166666666667 0.225625 0.03166666666666667 0.0375
1 0.8816666666666667 0.239375 0.04083333333333333 0.058125
1 0.96 0.3290625 0.050833333333333335 0.025625
1 0.95125 0.2896875 0.019166666666666665 0.026875
1 0.80125 0.6584375 0.043333333333333335 0.091875
1 0.8879166666666667 0.6921875 0.049166666666666664 0.1025
1 0.90625 0.7375 0.03666666666666667 0.05625
1 0.9145833333333333 0.6640625 0.04 0.045625
1 0.9408333333333333 0.64875 0.029166666666666667 0.04375