1 0.90625 0.94125 0.07833333333333334 0.1175
1 0.26416666666666666 0.4496875 0.18583333333333332 0.11875
1 0.30333333333333334 0.4165625 0.21333333333333335 0.103125
1 0.4979166666666667 0.5021875 0.11583333333333333 0.13125
1 0.5329166666666667 0.330625 0.11583333333333333 0.164375
1 0.8604166666666667 0.1553125 0.07333333333333333 0.14625
1 0.7508333333333334 0.5665625 0.06666666666666667 0.155625
1 0.68125 0.5659375 0.060833333333333336 0.136875
2 0.40875 0.6065625 0.09666666666666666 0.18625
1 0.09708333333333333 0.7928125 0.19416666666666665 0.068125
1 0.8575 0.6540625 0.1325 0.135
1 0.7983333333333333 0.59625 0.0575 0.0925
1 0.9525 0.5221875 0.095 0.0925
1 0.20083333333333334 0.4890625 0.09833333333333333 0.114375