1 0.7270833333333333 0.1221875 0.1025 0.123125
2 0.4325 0.569375 0.105 0.22125
1 0.20458333333333334 0.2475 0.0675 0.0525
1 0.3616666666666667 0.2003125 0.08166666666666667 0.033125
1 0.3491666666666667 0.240625 0.07583333333333334 0.04
1 0.75125 0.1428125 0.06833333333333333 0.12
1 0.8579166666666667 0.0615625 0.07666666666666666 0.123125
1 0.9333333333333333 0.3928125 0.13333333333333333 0.0425
1 0.8879166666666667 0.76625 0.0725 0.019375
1 0.8195833333333333 0.8540625 0.029166666666666667 0.016875
1 0.96375 0.9546875 0.06916666666666667 0.090625
1 0.9075 0.96 0.045 0.070625
2 0.4533333333333333 0.850625 0.04833333333333333 0.08125
1 0.5075 0.5884375 0.04416666666666667 0.041875
1 0.3575 0.448125 0.03333333333333333 0.024375
1 0.15875 0.45125 0.08583333333333333 0.028125
1 0.4725 0.4371875 0.04416666666666667 0.08625