1 0.6004166666666667 0.8275 0.059166666666666666 0.188125
1 0.2791666666666667 0.624375 0.07833333333333334 0.098125
1 0.40291666666666665 0.649375 0.059166666666666666 0.063125
1 0.4841666666666667 0.568125 0.06583333333333333 0.09125
1 0.18666666666666668 0.5240625 0.09416666666666666 0.034375
1 0.6875 0.3309375 0.0525 0.113125
1 0.7904166666666667 0.2559375 0.09666666666666666 0.03
1 0.32375 0.37125 0.045 0.06625
1 0.57875 0.44875 0.06666666666666667 0.069375
1 0.4725 0.4346875 0.09416666666666666 0.05
1 0.38875 0.219375 0.06583333333333333 0.038125
1 0.2525 0.330625 0.0425 0.045
1 0.37583333333333335 0.2953125 0.0475 0.0325
1 0.12083333333333333 0.224375 0.025833333333333333 0.0675
1 0.31333333333333335 0.1875 0.0375 0.034375
1 0.03958333333333333 0.01875 0.03 0.034375
1 0.07791666666666666 0.17875 0.029166666666666667 0.04625
2 0.12375 0.2734375 0.051666666666666666 0.040625