1 0.595 0.7165625 0.20833333333333334 0.124375
1 0.39166666666666666 0.588125 0.12333333333333334 0.163125
1 0.47625 0.558125 0.056666666666666664 0.09875
1 0.23083333333333333 0.575 0.08 0.1325
1 0.12708333333333333 0.67 0.07 0.08875
1 0.21916666666666668 0.65375 0.04083333333333333 0.03625
1 0.3829166666666667 0.325 0.07916666666666666 0.11625
1 0.09625 0.4365625 0.08583333333333333 0.095625
1 0.22166666666666668 0.4671875 0.13166666666666665 0.104375
1 0.4975 0.4221875 0.08083333333333333 0.123125
1 0.62375 0.4575 0.11833333333333333 0.07875
1 0.6583333333333333 0.5621875 0.0775 0.064375
1 0.895 0.559375 0.04833333333333333 0.07125
1 0.8304166666666667 0.5546875 0.07833333333333334 0.066875