1 0.7439024390243902 0.676875 0.15196998123827393 0.29375
1 0.9169793621013134 0.401875 0.10037523452157598 0.17625
1 0.24437148217636023 0.1575 0.0647279549718574 0.2225
1 0.39399624765478425 0.18875 0.08442776735459662 0.1775
1 0.4774859287054409 0.29375 0.1294559099437148 0.195
0 0.37617260787992496 0.44 0.3076923076923077 0.1325
1 0.33677298311444653 0.220625 0.12382739212007504 0.28375
1 0.1894934333958724 0.22375 0.11819887429643527 0.14
1 0.1050656660412758 0.053125 0.06378986866791744 0.10125
1 0.6308630393996247 0.13375 0.16791744840525327 0.095
1 0.6585365853658537 0.05875 0.16135084427767354 0.115
1 0.07176360225140713 0.79875 0.14165103189493433 0.2125
1 0.1472795497185741 0.816875 0.07317073170731707 0.07875