2 0.63 0.2941666666666667 0.0875 0.32166666666666666
1 0.8225 0.7766666666666666 0.2275 0.36333333333333334
1 0.844375 0.5066666666666667 0.25125 0.23333333333333334
1 0.7875 0.26666666666666666 0.215 0.23333333333333334
1 0.8725 0.12166666666666667 0.2375 0.18333333333333332
1 0.548125 0.7116666666666667 0.07125 0.25666666666666665
1 0.585 0.5066666666666667 0.1325 0.12666666666666668
1 0.39875 0.4141666666666667 0.215 0.18166666666666667
1 0.395625 0.43666666666666665 0.12125 0.3333333333333333
1 0.32 0.6716666666666666 0.055 0.24333333333333335
1 0.218125 0.6366666666666667 0.13125 0.12
1 0.044375 0.31916666666666665 0.06375 0.18166666666666667
1 0.28625 0.0525 0.0625 0.10166666666666667
1 0.361875 0.059166666666666666 0.10125 0.10833333333333334
1 0.545 0.9441666666666667 0.1125 0.04833333333333333
1 0.494375 0.8466666666666667 0.07875 0.08333333333333333
1 0.055 0.8491666666666666 0.0625 0.155