0 0.46958509142053445 0.5115625 0.23452883263009847 0.14875
1 0.9629043600562588 0.3378125 0.07419127988748242 0.28375
1 0.7883263009845288 0.5375 0.04149085794655415 0.111875
1 0.7002461322081576 0.915 0.07067510548523206 0.17
1 0.7737341772151899 0.951875 0.0580168776371308 0.09625
0 0.3206751054852321 0.154375 0.07524613220815753 0.088125
1 0.24665963431786217 0.3690625 0.06610407876230662 0.165
1 0.29940225035161744 0.55125 0.07630098452883263 0.21625
1 0.2079817158931083 0.8009375 0.11040787623066103 0.2275
1 0.13677918424753868 0.808125 0.13748241912798875 0.216875
1 0.26177918424753865 0.19375 0.09599156118143459 0.0825
1 0.22521097046413502 0.0709375 0.09915611814345991 0.1375
1 0.6228902953586498 0.408125 0.060126582278481014 0.099375
1 0.38466947960618847 0.135 0.025668073136427567 0.075625