0 0.463125 0.56 0.15125 0.07666666666666666
0 0.664375 0.415 0.08125 0.2733333333333333
0 0.515 0.20083333333333334 0.0825 0.07833333333333334
1 0.65375 0.8416666666666667 0.1675 0.15
1 0.834375 0.3775 0.24625 0.10166666666666667
1 0.83625 0.10916666666666666 0.0725 0.215
1 0.915 0.09916666666666667 0.1125 0.195
1 0.72125 0.2758333333333333 0.1225 0.08166666666666667
1 0.66125 0.16916666666666666 0.1375 0.155
1 0.669375 0.6166666666666667 0.12375 0.13666666666666666
1 0.728125 0.7383333333333333 0.08125 0.09666666666666666
1 0.618125 0.725 0.16875 0.10333333333333333
1 0.47625 0.7466666666666667 0.12 0.056666666666666664
1 0.51 0.6933333333333334 0.1325 0.08333333333333333
1 0.501875 0.6133333333333333 0.16875 0.06333333333333334
1 0.431875 0.7741666666666667 0.10375 0.051666666666666666
1 0.459375 0.48833333333333334 0.12375 0.07666666666666666
1 0.511875 0.48083333333333333 0.06125 0.051666666666666666
1 0.520625 0.2658333333333333 0.04875 0.115
1 0.4675 0.1725 0.065 0.06833333333333333
1 0.536875 0.0675 0.10125 0.045
1 0.513125 0.023333333333333334 0.09625 0.043333333333333335
1 0.406875 0.9 0.07875 0.03666666666666667
1 0.396875 0.8416666666666667 0.07875 0.04666666666666667
1 0.383125 0.9591666666666666 0.13125 0.08166666666666667