0 0.64875 0.605 0.07 0.21
1 0.43875 0.8775 0.185 0.08833333333333333
1 0.85 0.5291666666666667 0.195 0.08833333333333333
1 0.735 0.8991666666666667 0.2525 0.195
1 0.861875 0.8058333333333333 0.08625 0.15166666666666667
1 0.233125 0.8966666666666666 0.07625 0.20333333333333334
1 0.361875 0.07 0.04625 0.13666666666666666
1 0.58875 0.0575 0.065 0.09166666666666666
1 0.4325 0.035 0.07 0.06666666666666667
1 0.218125 0.09166666666666666 0.09875 0.11
1 0.129375 0.10583333333333333 0.03875 0.15833333333333333
1 0.294375 0.7016666666666667 0.08125 0.06666666666666667
1 0.333125 0.6725 0.04125 0.025
1 0.261875 0.3516666666666667 0.04125 0.02666666666666667
1 0.433125 0.22083333333333333 0.06125 0.08166666666666667
1 0.28875 0.2175 0.0725 0.085
1 0.325 0.2025 0.06 0.085
1 0.406875 0.14666666666666667 0.03875 0.03666666666666667
1 0.6075 0.060833333333333336 0.0475 0.045
1 0.45 0.4925 0.0975 0.105
1 0.5525 0.5841666666666666 0.0225 0.045
1 0.548125 0.4658333333333333 0.05125 0.058333333333333334