0 0.68125 0.44166666666666665 0.1725 0.17666666666666667
0 0.30625 0.29833333333333334 0.0675 0.15333333333333332
1 0.4525 0.5375 0.08 0.07833333333333334
1 0.50625 0.8783333333333333 0.09 0.24333333333333335
1 0.770625 0.9008333333333334 0.15375 0.12833333333333333
0 0.62375 0.08166666666666667 0.07 0.16
1 0.84375 0.5066666666666667 0.085 0.13333333333333333
1 0.525625 0.45666666666666667 0.07625 0.09
1 0.595625 0.2966666666666667 0.09375 0.2
1 0.2525 0.45916666666666667 0.0825 0.051666666666666666
1 0.1975 0.13083333333333333 0.085 0.075
1 0.12125 0.5075 0.095 0.10166666666666667
1 0.408125 0.8891666666666667 0.15625 0.11166666666666666
1 0.954375 0.7416666666666667 0.08625 0.08666666666666667