0 0.734375 0.5808333333333333 0.20375 0.22833333333333333
1 0.3875 0.5858333333333333 0.1075 0.12833333333333333
0 0.645 0.32666666666666666 0.195 0.16666666666666666
0 0.24375 0.07833333333333334 0.0875 0.15333333333333332
1 0.503125 0.5025 0.07625 0.09833333333333333
1 0.195 0.3016666666666667 0.0625 0.11
1 0.411875 0.9591666666666666 0.10875 0.08166666666666667
0 0.79625 0.09166666666666666 0.1875 0.18
1 0.28375 0.6316666666666667 0.105 0.06
1 0.52375 0.3475 0.065 0.17833333333333334
1 0.370625 0.4658333333333333 0.05875 0.051666666666666666