2 0.7325 0.6466666666666666 0.2425 0.11666666666666667
1 0.629375 0.4866666666666667 0.19625 0.07
1 0.446875 0.49416666666666664 0.05875 0.11166666666666666
1 0.50125 0.2991666666666667 0.055 0.16166666666666665
1 0.6025 0.12666666666666668 0.145 0.06666666666666667
1 0.635 0.07666666666666666 0.1575 0.05333333333333334
1 0.378125 0.06166666666666667 0.04125 0.06
1 0.358125 0.43666666666666665 0.17625 0.08
1 0.4675 0.37666666666666665 0.1275 0.07333333333333333
1 0.461875 0.435 0.17125 0.06
1 0.33875 0.49666666666666665 0.1275 0.06666666666666667
1 0.1675 0.13 0.175 0.07
1 0.093125 0.8316666666666667 0.06125 0.07666666666666666
1 0.254375 0.3591666666666667 0.11625 0.10833333333333334