0 0.5061111111111111 0.58125 0.10555555555555556 0.125
0 0.6055555555555555 0.6028125 0.07111111111111111 0.100625
1 0.6 0.443125 0.1622222222222222 0.0575
1 0.5638888888888889 0.2396875 0.04111111111111111 0.090625
1 0.07333333333333333 0.21375 0.04666666666666667 0.03875
1 0.2827777777777778 0.188125 0.05 0.065
1 0.515 0.28 0.04111111111111111 0.05125
1 0.4588888888888889 0.393125 0.042222222222222223 0.02625
0 0.3572222222222222 0.36 0.16777777777777778 0.03625
0 0.7072222222222222 0.95875 0.08777777777777777 0.07875
0 0.23333333333333334 0.84 0.05555555555555555 0.07
1 0.27555555555555555 0.078125 0.15777777777777777 0.0425
1 0.2922222222222222 0.0446875 0.17777777777777778 0.030625