0 0.48 0.500625 0.12 0.17875
1 0.3138888888888889 0.070625 0.10777777777777778 0.11125
1 0.595 0.171875 0.1411111111111111 0.21875
1 0.9216666666666666 0.2371875 0.12111111111111111 0.165625
1 0.6044444444444445 0.2590625 0.14222222222222222 0.144375
1 0.04111111111111111 0.324375 0.08 0.1275
1 0.17166666666666666 0.6765625 0.14333333333333334 0.133125
1 0.21611111111111111 0.6096875 0.17666666666666667 0.074375
1 0.515 0.7415625 0.10777777777777778 0.055625
1 0.41555555555555557 0.7771875 0.11333333333333333 0.043125
1 0.5038888888888889 0.83375 0.052222222222222225 0.0825
1 0.5355555555555556 0.81 0.06666666666666667 0.0375
1 0.15944444444444444 0.8403125 0.08555555555555555 0.048125
1 0.3138888888888889 0.8965625 0.06333333333333334 0.053125
1 0.315 0.9325 0.09444444444444444 0.03125