0 0.620625 0.595 0.19125 0.07666666666666666
1 0.218125 0.15083333333333335 0.04625 0.10833333333333334
1 0.179375 0.36916666666666664 0.04125 0.09833333333333333
1 0.088125 0.61 0.08875 0.07666666666666666
1 0.629375 0.6608333333333334 0.14625 0.10166666666666667
1 0.91875 0.335 0.1625 0.11666666666666667
1 0.720625 0.235 0.07375 0.06
1 0.840625 0.16916666666666666 0.11125 0.105
1 0.9 0.9125 0.1475 0.165
1 0.3325 0.8808333333333334 0.1275 0.07166666666666667
1 0.488125 0.8225 0.03625 0.09166666666666666
1 0.031875 0.36333333333333334 0.06125 0.09
1 0.029375 0.2375 0.05625 0.235
1 0.246875 0.11416666666666667 0.05625 0.10166666666666667
1 0.64875 0.05583333333333333 0.0475 0.10833333333333334
1 0.38625 0.535 0.0425 0.06