0 0.701875 0.44166666666666665 0.15375 0.16333333333333333
1 0.739375 0.1125 0.15875 0.165
1 0.72 0.7116666666666667 0.07 0.23333333333333334
1 0.505625 0.26666666666666666 0.08375 0.12
1 0.448125 0.43166666666666664 0.10625 0.09
1 0.89875 0.09916666666666667 0.17 0.155
1 0.93625 0.5741666666666667 0.0575 0.10166666666666667
1 0.64875 0.5666666666666667 0.0725 0.17333333333333334
0 0.595 0.23916666666666667 0.0925 0.21166666666666667
1 0.469375 0.7216666666666667 0.10625 0.08666666666666667
1 0.50625 0.5116666666666667 0.0425 0.07666666666666666
1 0.503125 0.10666666666666667 0.05375 0.05333333333333334
1 0.279375 0.0925 0.07125 0.18166666666666667
0 0.375625 0.056666666666666664 0.06375 0.04666666666666667
1 0.200625 0.23416666666666666 0.05125 0.058333333333333334