1 0.7503125 0.82125 0.116875 0.1125
1 0.17 0.7558333333333334 0.11125 0.10166666666666667
1 0.475 0.4920833333333333 0.0625 0.17083333333333334
1 0.6109375 0.4091666666666667 0.084375 0.15666666666666668
1 0.33375 0.6091666666666666 0.1 0.09666666666666666
1 0.27 0.175 0.05375 0.12333333333333334
1 0.19875 0.17625 0.04875 0.04083333333333333
1 0.5121875 0.30416666666666664 0.029375 0.05
1 0.5109375 0.36666666666666664 0.036875 0.051666666666666666
1 0.301875 0.45708333333333334 0.0525 0.025833333333333333
1 0.4878125 0.14958333333333335 0.035625 0.0475